# Copyright (c) 2021-present NAVER Corp.
# Copyright (C) 2015  Ilya Markov

query	query count
1844	3
1042	3
2092	3
458	3
1048	3
2097	3
1067	3
438	3
1073	3
432	3
429	3
991	3
159	3
2072	3
2071	3
1927	3
913	3
921	3
2051	3
923	3
1029	3
2054	3
483	3
1890	3
1991	3
723	3
701	3
1999	3
730	3
754	3
766	3
1979	3
672	3
776	3
663	3
789	3
2012	3
649	3
874	3
594	3
881	3
573	3
1004	3
1018	3
1917	3
942	3
547	3
1449	3
102	3
1739	3
1651	3
2246	3
1599	3
101	3
2255	3
1642	3
1436	3
1469	3
1607	3
1662	3
123	3
1467	3
6	3
1658	3
1475	3
1472	3
138	3
97	3
1515	3
1631	3
2064	3
531	3
972	3
526	3
981	3
1898	3
2204	3
712	3
131	3
1995	3
42	3
67	3
1748	3
34	3
92	3
2231	3
2243	3
1630	3
2241	3
1637	3
1460	3
810	3
572	3
638	3
2119	3
1122	3
1133	3
381	3
1848	3
1148	3
371	3
2134	3
2136	3
1250	3
1093	3
290	3
1269	3
204	3
1372	3
2190	3
198	3
2191	3
193	3
1854	3
2117	3
1108	3
405	3
1835	3
1194	3
338	3
1213	3
2151	3
811	3
1185	3
2155	3
1823	3
210	3
304	3
2160	3
297	3
1247	3
1223	3
1183	3
351	3
1168	3
1858	3
1105	3
1233	3
1383	3
315	3
1402	3
1802	3
1091	3
1088	3
1081	3
2020	3
627	3
2022	3
1960	3
622	3
1956	3
633	3
839	3
614	3
850	3
1949	3
608	3
867	3
841	3
183	3
1334	3
1320	3
860	3
247	3
243	3
1407	3
164	3
1394	3
214	3
2183	3
219	3
1274	3
1284	3
165	3
1293	3
2174	3
2167	3
250	3
256	3
1403	3
1305	3
1789	3
257	3
1300	3
767	4
800	4
1423	4
1421	4
782	4
146	4
752	4
1408	4
755	4
175	4
1410	4
224	4
762	4
1751	4
831	4
727	4
2005	4
1413	4
805	4
693	4
1669	4
192	4
1280	4
160	4
206	4
2265	4
18	4
648	4
2015	4
1453	4
1762	4
212	4
4	4
822	4
1779	4
217	4
161	4
828	4
1774	4
121	4
1417	4
852	4
1433	4
25	4
1437	4
229	4
26	4
1622	4
2175	4
1783	4
2032	4
846	4
1332	4
1331	4
238	4
1749	4
467	4
265	4
154	4
2029	4
1432	4
2263	4
763	4
1638	4
734	4
24	4
611	4
244	4
1318	4
1625	4
865	4
628	4
1668	4
873	4
1315	4
2172	4
868	4
707	4
770	4
359	4
1517	4
2086	4
1617	4
1744	4
905	4
1924	4
2251	4
559	4
1615	4
116	4
1815	4
1920	4
2060	4
45	4
1205	4
975	4
459	4
1152	4
1499	4
901	4
1936	4
1107	4
1883	4
956	4
307	4
1222	4
961	4
945	4
2156	4
52	4
305	4
1909	4
537	4
1608	4
589	4
883	4
276	4
581	4
1282	4
1710	4
1050	4
1656	4
1053	4
325	4
1681	4
2077	4
994	4
499	4
494	4
1017	4
518	4
490	4
1833	4
347	4
1179	4
1020	4
1682	4
375	4
482	4
489	4
1166	4
1184	4
1598	4
1877	4
2090	4
1138	4
1876	4
378	4
69	4
439	4
1075	4
446	4
1557	4
1161	4
1120	4
1535	4
1116	4
1092	4
433	4
410	4
1159	5
1163	5
251	5
321	5
255	5
99	5
286	5
1838	5
1746	5
285	5
271	5
337	5
1154	5
79	5
90	5
2219	5
1145	5
1850	5
235	5
302	5
2127	5
2179	5
355	5
87	5
1178	5
1306	5
294	5
1440	5
1822	5
1283	5
2101	5
1126	5
144	5
1359	5
1360	5
1365	5
1501	5
2126	5
333	5
1797	5
1398	5
2147	5
1226	5
1125	5
86	5
310	5
1376	5
2149	5
1220	5
201	5
2218	5
199	5
1707	5
1355	5
1439	5
187	5
1340	5
1174	5
409	5
10	5
1591	5
539	5
1657	5
527	5
824	5
1044	5
659	5
590	5
420	5
1573	5
1074	5
1576	5
1082	5
1633	5
445	5
1554	5
421	5
1058	5
716	5
1054	5
449	5
1705	5
1579	5
460	5
456	5
2111	5
414	5
717	5
924	5
696	5
2018	5
560	5
508	5
1664	5
2039	5
488	5
779	5
771	5
12	5
484	5
1021	5
1023	5
477	5
684	5
1893	5
742	5
753	5
902	5
872	5
2035	5
582	5
903	5
1943	5
515	5
1947	5
904	5
978	5
40	5
2017	5
2240	6
2142	6
179	6
1076	6
162	6
1197	6
1198	6
330	6
1002	6
2081	6
340	6
485	6
997	6
1578	6
740	6
1534	6
2087	6
2010	6
1677	6
1468	6
1955	6
1769	6
502	6
72	6
1425	6
151	6
1954	6
1167	6
168	6
393	6
1863	6
1897	6
1049	6
1529	6
83	6
328	6
1136	6
2000	6
1094	6
457	6
1861	6
2264	6
1098	6
56	6
984	6
1113	6
992	6
1438	6
1165	6
675	6
2124	6
859	6
208	6
2259	6
1455	6
641	6
196	6
1473	6
105	6
1912	6
550	6
2046	6
1367	6
1799	6
1267	6
1512	6
1812	6
683	6
1754	6
525	6
2068	6
128	6
1270	6
938	6
1491	6
793	6
49	6
1451	6
132	6
1787	6
260	6
2021	6
1379	6
1791	6
266	6
1290	6
588	6
885	6
1937	6
1316	6
1353	6
898	6
654	6
1645	6
1373	6
784	6
136	6
790	6
791	6
792	6
844	6
528	7
1825	7
1756	7
1808	7
1010	7
2199	7
43	7
870	7
181	7
2154	7
1506	7
1206	7
966	7
965	7
536	7
312	7
668	7
512	7
741	7
2091	7
953	7
1773	7
363	7
889	7
1882	7
952	7
2225	7
713	7
1025	7
893	7
1985	7
1526	7
353	7
1275	7
492	7
757	7
568	7
274	7
2041	7
2146	7
1036	7
1393	7
473	7
1648	7
1037	7
1899	7
469	7
950	7
561	7
548	7
1537	7
418	7
1112	7
1974	7
778	7
411	7
225	7
2125	7
832	7
1784	7
2173	7
239	7
1139	7
234	7
383	7
50	7
29	7
28	7
182	7
442	7
835	7
1555	7
1971	7
1635	7
428	7
1775	7
995	7
2249	7
299	7
1006	7
112	7
463	7
267	7
1463	7
1781	7
1590	7
830	7
1349	7
2188	7
1966	7
1131	7
1129	7
2257	7
1780	7
1870	7
22	7
1562	7
2252	8
470	8
574	8
104	8
476	8
148	8
650	8
1503	8
1435	8
1932	8
1906	8
943	8
1919	8
2244	8
1736	8
829	8
2233	8
541	8
81	8
917	8
435	8
358	8
367	8
636	8
134	8
2256	8
662	8
13	8
2104	8
607	8
571	8
2221	8
2169	8
203	8
564	8
73	8
1804	8
1589	8
1214	8
1895	8
1586	8
1171	8
1520	8
1714	8
993	8
1199	8
774	8
1549	8
1422	8
756	8
1760	8
1388	8
1447	8
1287	8
1043	8
1144	8
733	8
1064	8
1141	8
1292	8
1323	8
1348	8
814	8
1644	8
1215	8
1299	8
1975	8
1942	8
1156	8
1709	8
1080	8
1078	8
1828	8
1132	8
1606	9
1829	9
2267	9
1319	9
227	9
36	9
233	9
399	9
1137	9
241	9
1814	9
1039	9
674	9
2089	9
259	9
1601	9
32	9
500	9
387	9
215	9
1311	9
1297	9
197	9
1374	9
1583	9
1142	9
2239	9
39	9
708	9
20	9
447	9
1289	9
1820	9
1959	9
1961	9
184	9
1474	9
1392	9
610	9
1560	9
2237	9
632	9
1868	9
1692	9
1100	9
178	9
1770	9
985	9
612	9
1418	9
794	9
2037	9
797	9
2112	9
2074	9
415	9
2075	9
2209	9
866	9
1889	9
1841	9
998	9
1103	10
676	10
678	10
2238	10
1628	10
1530	10
1272	10
1504	10
802	10
1595	10
2106	10
301	10
1022	10
1683	10
503	10
1089	10
1551	10
643	10
379	10
1548	10
1483	10
1623	10
2163	10
1997	10
987	10
698	10
1665	10
1479	10
1015	10
491	10
1102	10
625	10
1201	10
940	10
530	10
258	10
843	10
1032	10
1224	10
1465	10
1219	10
127	10
133	10
431	10
474	10
1384	10
2026	10
1062	10
1368	10
857	10
1195	10
468	10
871	10
323	10
1869	10
2053	10
1352	10
444	10
170	10
1291	10
557	10
269	10
1939	10
209	10
2145	10
1450	11
141	11
1965	11
1225	11
106	11
520	11
427	11
863	11
606	11
437	11
2213	11
118	11
634	11
1164	11
623	11
94	11
1095	11
1839	11
174	11
1265	11
1541	11
1536	11
1262	11
172	11
620	11
1900	11
1303	11
1747	11
646	11
2084	11
1193	11
407	11
1387	11
761	11
7	11
1550	11
724	11
252	11
228	11
1245	11
207	11
1454	11
1880	11
916	11
1689	11
1671	11
941	11
1672	11
1045	11
1005	11
580	11
925	11
1913	11
64	11
1612	11
1846	12
1329	12
2222	12
1524	12
2083	12
679	12
2232	12
216	12
749	12
1242	12
1988	12
897	12
1207	12
377	12
1396	12
909	12
254	12
1304	12
566	12
1874	12
2059	12
1325	12
1009	12
2139	12
583	12
1765	12
951	12
2063	12
1191	12
291	12
986	12
475	12
1484	13
819	13
1481	13
1855	13
1640	13
1397	13
1629	13
2253	13
2001	13
2262	13
1382	13
1416	13
1400	13
587	13
2178	13
191	13
448	13
1322	13
2100	13
543	13
426	13
746	13
155	13
2192	13
862	13
1106	13
2007	13
71	13
523	13
263	13
1028	13
2165	13
1238	13
1014	13
2166	13
1811	13
1253	13
1813	13
1294	13
2168	13
2210	13
982	13
1860	13
785	13
786	13
2129	13
2114	13
1518	13
1500	13
1962	13
1310	13
1155	13
2052	14
1342	14
2019	14
1930	14
615	14
2194	14
853	14
2038	14
545	14
947	14
1807	14
722	14
1273	14
284	14
725	14
16	14
1577	14
2250	14
821	14
89	14
1498	14
1964	14
1117	14
1347	14
1851	14
1047	14
390	14
1086	14
2132	14
344	14
1241	14
2099	14
346	14
1884	14
1110	14
918	14
2121	14
1428	14
775	14
1539	14
788	14
1429	14
1090	14
967	15
1798	15
275	15
1792	15
2171	15
2067	15
1040	15
1309	15
311	15
246	15
1216	15
480	15
963	15
1046	15
1350	15
0	15
1211	15
598	15
595	15
1406	15
1386	15
1212	15
205	15
1923	15
1925	15
1827	15
220	15
2093	15
1344	15
1950	15
1346	15
1752	15
613	15
2120	15
125	15
2201	15
1470	15
639	15
374	15
385	15
640	15
1632	15
2227	15
804	15
834	15
1528	15
1718	15
931	15
2143	15
1246	15
31	15
1690	15
1011	15
1676	15
735	15
1626	15
1711	15
2116	15
1687	15
479	16
765	16
2057	16
451	16
936	16
974	16
1967	16
809	16
1948	16
929	16
1989	16
944	16
1056	16
772	16
538	16
711	16
1109	16
1558	16
738	16
115	16
391	16
293	16
9	16
1636	16
2211	16
1796	16
1209	16
1703	16
1150	16
324	16
2193	16
1456	16
1140	16
319	16
2242	16
1128	16
1321	16
1190	16
1130	17
1482	17
1521	17
373	17
1326	17
114	17
540	17
403	17
100	17
369	17
1511	17
103	17
1476	17
1514	17
98	17
621	17
1330	17
516	17
960	17
667	17
222	17
926	17
1001	17
655	17
1169	17
1532	17
787	17
1567	17
949	17
682	17
1079	17
80	17
2153	17
316	17
1777	17
1227	17
1034	17
1616	17
783	17
652	18
1448	18
2144	18
825	18
1203	18
750	18
1072	18
350	18
2128	18
60	18
1121	18
332	18
1940	18
1019	18
1666	18
300	18
2058	18
529	18
617	18
1569	18
1565	18
1953	18
1328	18
818	18
322	18
954	18
1737	18
1462	18
1544	18
1904	18
1817	18
77	18
1546	18
78	19
380	19
177	19
1993	19
1160	19
2113	19
2212	19
1830	19
1035	19
604	19
1182	19
253	19
1263	19
1968	19
2025	19
732	19
1249	19
495	19
1892	19
656	19
1867	19
657	19
288	19
1745	19
2103	19
1279	19
404	19
2164	19
1788	19
2049	20
195	20
2140	20
1553	20
796	20
356	20
665	20
1575	20
1559	20
1725	20
1452	20
1646	20
522	20
833	20
1675	20
1973	20
1767	20
1343	20
278	20
1285	20
1764	20
801	20
1674	20
1678	21
1785	21
977	21
692	21
1847	21
509	21
1719	21
1264	21
906	21
504	21
1271	21
2016	21
1627	21
2196	21
591	21
1952	21
1505	21
714	21
408	21
1361	21
1801	21
1702	21
237	21
2006	21
1856	21
817	21
2260	21
1069	21
1158	22
1118	22
1600	22
357	22
2008	22
59	22
1772	22
1708	22
510	22
1527	22
1712	22
1568	22
84	22
166	22
1619	22
1613	23
806	23
1051	23
2157	23
1296	23
1862	23
23	23
823	23
706	23
1740	23
1312	23
1786	23
709	23
1731	23
1706	23
1673	23
2115	23
309	23
1385	23
1176	23
877	23
1561	23
845	23
1427	23
1771	23
1759	23
1766	23
176	23
584	23
1918	23
2186	23
1523	23
894	23
1027	23
1994	23
840	23
1038	24
2062	24
1243	24
268	24
1327	24
120	24
619	24
2177	24
122	24
1713	24
1288	24
335	24
1571	24
232	24
764	24
153	24
687	24
119	24
1680	24
1366	24
879	24
53	24
592	24
54	24
1378	24
33	24
1641	24
386	24
55	24
1588	24
1237	25
1852	25
462	25
1380	25
1381	25
289	25
498	25
2141	25
920	25
2069	25
1875	25
1013	25
671	25
658	25
2214	25
882	25
109	25
1650	25
728	25
745	25
861	25
2228	25
1522	25
891	25
1604	25
130	25
1495	25
699	26
1070	26
1375	26
1996	26
1649	26
1866	26
1123	26
1992	26
726	26
1922	26
1268	26
937	26
922	26
826	26
1738	26
1490	26
2028	26
964	26
1026	26
847	26
281	26
1879	27
478	27
751	27
76	27
670	27
1790	27
1395	27
1391	27
1758	27
2045	27
1602	27
2043	27
85	27
743	27
2220	27
283	27
697	27
1157	27
1902	27
1908	27
715	27
135	27
1457	27
47	27
1324	27
685	27
382	27
1685	28
223	28
1525	28
163	28
452	28
1492	28
91	28
1362	28
703	28
769	28
306	28
915	28
180	28
1336	28
245	28
1990	28
1414	29
1333	29
1464	29
930	29
1354	29
618	29
461	29
565	29
1052	29
578	29
1276	29
739	29
107	29
969	29
1172	29
2223	29
729	29
661	30
1986	30
296	30
1698	30
2044	30
27	30
910	30
2011	30
173	30
1030	30
1445	30
780	30
1256	30
1494	30
532	30
1816	30
143	30
1173	30
1659	30
1793	30
1887	30
1915	30
869	31
303	31
1339	31
11	31
1831	31
2182	31
1574	31
441	31
642	31
777	31
1363	31
1189	31
576	31
1929	31
1077	31
1857	31
2206	31
2098	31
2042	31
999	31
795	31
2070	31
1733	31
292	31
957	32
343	32
497	32
2080	32
2003	32
681	32
813	32
1916	32
1390	32
400	32
61	32
1903	32
1149	32
1232	32
660	32
1188	32
1066	32
1542	32
1187	32
880	32
736	32
575	33
1538	33
601	33
688	33
1768	33
1434	33
695	33
2135	33
1234	33
339	33
1217	33
1119	33
1202	33
1221	33
486	33
1389	33
1358	33
1938	33
626	33
758	34
1716	34
2180	34
555	34
2202	34
424	34
331	34
1778	35
2065	35
1487	35
149	35
842	35
1704	35
666	35
1258	35
280	35
2031	35
242	35
1151	35
2095	35
1726	35
1240	36
1684	36
911	36
689	36
1124	36
1351	36
190	36
996	36
376	36
1605	36
1987	36
914	36
2102	36
1000	36
1461	36
35	37
1603	37
51	37
851	37
1180	37
631	37
1881	37
2131	37
487	37
1905	37
277	37
2235	37
1618	37
731	37
341	38
979	38
1818	38
1317	38
96	38
2079	38
334	38
827	38
1430	38
1891	38
886	38
1147	38
1743	38
1307	38
2189	38
117	38
2216	39
544	39
454	39
1369	39
884	39
282	39
361	39
1982	39
1341	39
397	39
392	39
948	39
1489	40
82	40
1008	40
647	40
202	40
558	40
760	40
2268	40
1230	40
2094	40
1661	40
2047	40
1819	40
2205	40
2013	40
1907	40
2150	40
1364	41
158	41
412	41
820	41
370	41
932	41
2082	41
1134	41
1007	41
1837	41
2197	41
1570	41
2181	41
1582	41
185	41
1610	41
645	42
5	42
2123	42
511	42
2076	42
1502	42
2014	42
1941	42
907	42
1295	42
152	42
856	42
1729	42
1910	43
927	43
1218	43
962	43
1584	43
585	43
2088	43
2187	43
401	43
2148	43
218	43
1507	43
1345	43
2002	43
1431	43
272	43
2226	44
1593	44
1679	44
896	44
150	44
396	44
113	44
2185	44
318	44
1978	44
139	44
188	45
553	45
406	45
2195	45
1114	45
1928	45
1732	45
1647	45
1251	45
1686	45
270	45
2055	45
2133	45
1266	46
629	46
1946	46
236	46
1301	46
249	46
14	46
705	46
799	46
554	46
226	47
946	47
2234	47
30	47
1563	47
145	47
1493	47
1873	47
1260	47
2027	47
2107	47
472	47
2023	47
1404	47
1196	47
2161	48
2130	48
1153	48
1653	48
1231	48
211	48
849	48
1533	48
422	48
1031	48
501	48
1896	48
360	48
1444	48
980	49
1931	49
298	49
1519	49
262	49
88	49
167	49
455	49
156	49
1024	49
680	49
2152	49
1480	50
364	50
968	50
596	50
1419	50
147	50
2138	50
1099	50
900	50
1244	51
912	51
807	51
1872	51
465	51
1688	51
15	51
1552	51
57	51
609	51
63	51
1281	51
1697	52
368	52
1963	52
1405	52
129	52
803	52
719	52
1084	52
1063	52
1933	52
1832	52
1888	52
1824	52
425	53
1097	53
1239	53
2248	53
1146	53
1426	53
1485	53
955	53
2203	53
691	53
2261	53
1003	53
1921	53
74	53
1496	53
1478	54
388	54
1871	54
2170	54
959	54
189	54
345	54
1371	54
320	54
417	55
419	55
721	55
1998	55
720	55
1864	55
1513	55
1016	55
935	55
1471	55
1071	55
2137	55
348	56
2162	56
200	56
1516	56
1278	56
855	56
664	56
718	56
352	56
535	56
430	57
624	57
651	57
702	57
653	57
2085	57
95	57
1886	57
1509	57
1911	57
186	57
1611	57
93	57
1853	58
395	58
1694	58
1958	58
1596	58
1177	58
1420	58
1859	58
1443	58
1836	58
1252	58
630	58
1722	58
1597	58
1543	59
569	59
1228	59
1277	59
1229	59
521	59
389	59
21	59
1776	59
8	59
971	59
2105	59
1693	60
2030	60
837	60
600	60
1135	60
1663	60
1540	60
1695	60
2004	61
1750	61
1715	61
2033	61
973	61
1033	61
1809	62
2258	62
413	62
248	62
517	62
1724	62
142	62
496	62
140	62
2036	62
481	62
1800	63
1720	63
2118	63
892	63
838	64
1488	64
908	64
1041	64
2236	64
1782	64
221	64
1670	64
264	65
1734	65
1370	65
261	65
2247	65
1972	65
1894	65
694	65
1162	66
1572	66
939	66
677	66
1935	66
1446	66
58	66
507	66
108	66
605	66
2096	66
542	66
1620	67
812	67
895	67
1753	67
1101	67
366	67
773	67
2217	67
1566	67
1727	67
506	67
2009	68
2108	68
1259	68
1639	68
737	68
37	68
169	68
1717	68
1298	68
1508	69
1723	69
66	69
2224	69
17	69
2034	69
816	69
1248	69
1951	69
1742	69
1699	70
1466	70
317	70
1547	70
933	70
1730	71
1459	71
519	71
551	71
577	71
1564	71
1914	72
279	72
1934	72
1065	72
1643	72
1691	72
1945	72
570	72
423	72
546	73
533	73
1235	73
1399	73
505	73
1763	73
62	73
110	74
231	74
354	74
1660	74
876	74
313	74
2109	75
2061	75
1794	75
349	75
137	75
1497	75
1826	76
1845	76
976	76
2245	76
1060	76
781	76
1143	76
1286	77
1981	77
287	77
1810	77
1840	77
1085	77
1068	78
1834	78
2229	78
1357	78
1096	78
1977	78
928	78
1255	78
398	78
1236	79
1377	79
669	79
213	79
1486	79
2122	79
1127	80
1926	80
1621	80
1083	80
230	80
1741	80
958	80
1721	81
603	81
2056	81
2048	81
1510	81
453	81
2230	81
68	81
1356	81
2110	81
1667	81
1805	81
597	81
858	81
70	82
2024	82
1843	82
1556	82
1701	82
466	82
602	82
1696	83
1477	83
372	83
1735	83
1254	83
124	83
637	83
327	83
1795	84
988	84
562	84
41	85
579	85
436	85
1587	85
1204	86
798	87
1865	87
1061	87
744	87
295	87
556	87
586	87
534	88
1115	88
1424	88
854	88
1901	89
1412	89
1728	89
1652	89
1654	89
690	89
2176	90
759	90
2254	91
48	91
1257	91
704	91
1761	91
983	91
2050	91
700	91
875	91
1580	92
1803	92
1624	92
1175	92
2200	92
1012	92
970	93
808	93
1181	93
342	93
1170	93
1849	93
1821	93
308	93
710	94
1186	94
126	94
513	94
19	94
384	94
1878	94
2207	95
440	95
46	95
888	95
1302	96
552	96
1104	96
593	96
1757	96
644	96
1409	96
1594	96
194	96
2208	97
990	97
1885	97
1984	97
443	97
567	98
686	98
599	98
1337	98
273	99
1806	99
514	99
673	99
1200	99
336	99
471	99
848	100
878	100
1401	100
1210	100
887	101
1415	101
1308	102
314	102
2073	102
1609	102
171	102
416	102
1944	103
1957	103
616	103
111	103
365	103
1057	103
493	103
1983	103
549	103
450	103
2040	104
329	104
1313	104
2266	104
864	104
1634	104
2066	104
362	105
1087	106
1592	106
747	106
75	106
1980	106
989	107
1458	107
1442	107
1969	107
2184	107
1755	108
1581	108
1545	108
44	108
1441	109
240	109
434	109
38	110
1585	110
1314	110
65	111
1970	111
326	111
157	111
635	111
2198	111
2215	112
394	112
1531	112
402	112
934	112
1059	112
2158	113
1055	113
1614	113
836	114
748	114
464	114
2159	114
524	114
2078	114
1411	114
899	114
1700	115
1111	115
890	115
1655	115
1842	115
1976	115
815	116
1261	116
768	116
1338	116
1208	116
1192	116
919	117
1335	117
563	117
